10
5 1
0 0 0 0 0
2 2 1
5 1
0 1 0 0 0
2 3 2
10 4
0 1 1 0 0 1 0 1 0 1
3 2 1
5 3 2
4 4 3
8 4 1
10 5
1 0 1 0 1 0 0 1 1 1
4 4 3
5 6 1
4 8 2
7 2 3
1 5 2
10 5
1 0 0 0 1 1 1 0 0 0
9 5 2
3 2 1
4 9 2
9 9 2
8 8 2
10 3
1 1 0 0 1 0 1 1 1 1
6 7 2
9 6 1
7 5 2
10 10
1 1 1 0 1 1 0 1 1 1
9 7 1
1 7 2
5 6 1
6 2 2
4 3 1
5 7 1
3 5 2
4 6 2
8 4 2
8 2 1
20 10
1 0 1 0 0 0 1 0 0 1 1 1 1 1 1 0 1 1 1 0
10 14 2
9 2 2
18 9 1
7 17 1
5 11 1
18 9 1
1 1 2
18 1 2
10 18 2
7 1 2
20 10
0 0 0 0 1 1 1 0 0 1 1 1 1 1 1 0 1 0 1 1
3 19 2
13 16 2
10 15 2
2 3 1
19 4 1
7 17 1
2 18 2
2 2 1
14 10 1
7 12 2
20 10
1 0 0 1 0 1 1 1 0 1 0 1 1 1 0 1 0 1 1 0
19 5 3
17 3 2
18 10 2
12 9 3
4 7 2
14 11 3
6 7 1
15 18 1
12 16 3
7 5 3
