10
3
2 3 1
2 5 1
1 5 2
3
5 1 1
2 5 1
1 2 -1
3
2 3 1
2 3 1
2 3 1
3
11 42 40
20 13 24
16 18 14
4
12 3 47 21
27 15 12 45
48 42 35 14
21 37 15 49
4
43 22 40 28
13 35 34 37
16 11 4 2
33 35 44 46
5
11 14 15 50 40
12 39 44 31 4
17 19 27 47 50
29 29 35 35 42
36 25 30 29 19
6
18 37 35 14 21 23
12 40 18 12 1 46
13 31 45 14 8 9
11 12 46 10 9 35
11 5 8 27 21 14
37 49 39 43 32 15
7
1 1 1 1 1 1 7
1 1 1 1 1 7 1
1 1 1 1 7 1 1
1 1 1 7 1 1 1
1 1 7 1 1 1 1
1 7 1 1 1 1 1
-1 1 1 1 1 1 1
8
47 21 43 50 16 1 22 19
49 42 41 37 42 6 37 10
37 6 7 47 30 44 26 32
11 23 34 18 26 47 11 37
19 7 38 12 31 37 20 5
38 4 25 32 12 13 38 32
25 22 16 29 46 21 20 17
37 39 28 22 43 36 26 21
