10
3
1 1 1
1 5 1
1 1 1
3
1 1 1
1 1 1
1 1 1
5
1 1 1 1 1
1 1 1 1 1
1 1 1 1 1
1 1 1 1 1
1 1 1 1 9
5
1 1 1 1 1
1 1 1 1 1
1 1 1 1 1
1 1 1 1 1
1 1 1 1 50
10
12 11 7 41 29 36 18 22 43 29
24 45 29 7 17 27 10 30 11 49
44 44 9 8 4 16 19 6 33 11
18 17 36 33 33 7 28 30 7 45
37 33 12 36 28 37 40 45 36 10
50 27 7 23 26 31 30 15 39 29
44 30 42 27 30 48 12 36 17 29
20 14 13 20 18 25 18 11 23 12
35 26 50 5 42 3 28 41 12 49
3 47 16 23 35 27 34 14 39 13
10
50 50 50 50 50 50 50 50 50 50
50 50 50 50 50 50 50 50 50 50
50 50 50 50 50 50 50 50 50 50
50 50 50 50 50 50 50 50 50 50
50 50 50 50 50 50 50 50 50 50
50 50 50 50 50 50 50 50 50 50
50 50 50 50 50 50 50 50 50 50
50 50 50 50 50 50 50 50 50 50
50 50 50 50 50 50 50 50 50 50
50 50 50 50 50 50 50 50 50 50
20
19 44 10 25 29 18 31 35 6 34 22 30 27 47 44 36 25 36 22 19
17 22 47 44 46 34 37 4 27 47 15 49 32 42 41 7 40 37 19 37
24 25 33 39 47 47 36 41 22 27 42 33 43 33 21 49 38 38 24 49
48 42 31 28 32 42 33 29 48 22 37 41 33 43 42 18 21 47 11 28
50 31 20 34 48 21 46 11 33 40 19 40 50 36 42 23 13 43 30 37
43 22 8 6 37 49 41 32 34 44 39 23 7 23 44 35 44 38 29 24
48 47 40 18 50 38 34 16 43 49 20 26 30 46 40 42 39 34 32 48
42 4 37 30 8 27 45 15 21 47 32 29 46 33 40 17 9 20 16 38
32 27 42 23 32 45 38 29 39 46 38 28 42 49 13 31 36 20 24 36
12 35 16 44 49 41 28 20 24 32 13 40 17 37 21 36 31 17 45 23
24 47 48 22 43 27 19 19 12 29 24 26 48 47 24 30 22 30 31 28
39 44 44 6 42 26 35 48 27 12 34 30 16 42 47 11 16 17 32 25
34 41 49 42 39 42 40 44 43 25 47 26 43 12 45 33 26 43 29 41
15 27 26 36 32 9 50 6 47 36 39 36 25 39 8 15 44 16 31 40
30 28 28 27 44 41 40 15 30 50 21 22 45 25 17 36 41 45 42 23
27 37 24 43 35 6 11 37 46 41 30 34 36 33 28 16 25 33 34 14
24 27 43 23 35 35 43 16 24 49 42 19 25 21 20 46 34 25 43 28
13 43 23 30 23 24 42 30 50 30 46 35 38 14 46 13 48 37 22 27
34 20 7 42 48 22 22 27 37 17 42 38 35 42 46 23 37 28 34 28
23 47 29 38 14 47 29 49 24 26 29 36 48 22 44 47 22 20 31 21
30
2 26 38 23 21 5 7 40 40 48 22 48 4 15 20 2 5 13 34 20 39 20 49 33 12 15 33 38 24 25
48 42 27 40 38 39 33 32 9 26 11 48 7 48 49 28 47 36 5 32 43 18 12 5 1 35 2 17 25 38
10 19 46 10 21 4 28 15 34 21 23 10 13 12 10 45 17 20 47 34 40 16 19 9 29 22 41 18 30 42
25 27 18 43 38 1 47 23 13 28 10 47 17 6 13 25 48 28 37 30 5 7 10 22 27 38 3 43 6 12
50 34 49 49 41 39 42 8 39 22 29 11 30 19 7 27 13 35 20 33 2 37 38 10 11 1 14 27 16 18
9 36 29 33 15 49 43 11 50 25 34 15 38 12 11 34 28 37 11 35 21 4 17 33 23 47 13 9 1 8
47 1 41 34 24 42 46 26 28 27 47 40 39 22 4 34 34 35 5 8 8 42 48 45 27 41 24 30 23 48
42 36 41 4 1 38 7 47 25 48 38 10 24 43 1 16 36 1 23 34 8 26 10 4 19 25 8 36 17 2
5 12 12 28 25 10 7 17 34 42 16 32 11 18 48 14 18 37 47 35 13 14 22 39 40 30 22 49 25 36
40 35 14 20 44 29 46 2 22 37 45 44 18 17 47 29 29 13 9 15 35 10 33 21 12 7 47 4 36 15
23 27 40 2 27 1 21 33 35 7 30 28 18 26 10 32 2 16 17 22 30 45 34 47 18 32 30 43 41 33
26 47 41 4 43 8 35 1 10 29 5 8 42 39 8 33 16 17 44 50 39 27 42 39 41 3 12 39 34 11
35 25 39 33 24 19 27 30 6 8 19 3 12 17 8 21 20 26 39 41 11 33 1 29 1 34 9 10 46 29
13 35 20 43 35 49 25 12 42 45 29 44 12 19 10 13 41 44 12 35 15 25 40 25 5 44 3 26 33 12
20 26 31 21 1 35 16 34 24 5 43 23 18 26 17 9 46 35 4 2 35 12 22 1 31 36 4 33 40 21
16 9 15 38 45 39 38 12 13 25 50 42 21 23 39 1 9 22 14 15 14 40 37 46 13 5 37 46 44 29
23 35 6 13 50 46 30 31 43 27 44 33 20 24 4 47 37 37 29 41 28 20 39 30 21 23 25 6 48 38
27 35 37 43 44 21 27 37 43 24 41 37 19 11 38 10 31 47 17 28 15 38 24 36 8 33 41 47 16 20
27 27 18 10 48 47 36 40 17 15 33 23 13 18 14 26 37 10 16 12 30 7 5 23 22 41 14 17 5 12
25 50 24 46 44 28 49 12 38 8 36 8 26 29 5 26 49 33 17 37 31 31 3 7 6 27 2 8 6 17
43 34 49 6 2 24 45 44 29 35 32 10 6 27 7 7 9 19 18 16 34 1 49 17 1 41 50 48 36 32
35 20 40 31 3 42 30 36 49 16 34 45 45 15 24 50 46 3 27 30 40 17 12 49 32 46 8 7 25 39
24 43 46 6 25 11 10 39 17 23 25 6 37 37 36 48 31 23 28 19 9 35 26 21 3 7 15 37 8 7
10 43 24 1 17 42 18 28 31 42 17 41 19 11 38 24 38 44 34 38 22 6 37 16 47 41 39 8 50 2
11 37 48 36 20 10 30 46 47 2 29 1 31 46 37 2 13 11 42 40 38 9 12 32 41 31 15 41 4 20
31 9 10 49 28 24 7 7 46 19 38 48 22 36 11 28 29 10 28 8 33 46 40 12 12 5 16 19 20 11
14 41 9 15 24 48 32 36 24 3 9 38 43 5 35 8 50 30 22 29 43 8 31 6 22 2 43 20 24 13
10 25 50 34 9 34 41 1 15 21 27 6 48 46 32 31 17 13 15 1 27 23 14 11 43 20 1 47 14 8
11 48 25 45 26 46 30 16 34 36 40 35 37 7 29 26 36 3 27 27 30 28 21 43 9 48 12 10 19 11
6 41 10 14 44 20 47 25 36 23 1 27 7 10 28 44 47 25 44 18 31 23 37 18 37 18 26 4 49 27
20
34 43 10 40 29 50 28 21 23 38 28 40 32 33 37 33 23 11 24 31
25 46 48 38 18 25 24 8 38 38 13 19 22 42 36 19 49 38 18 34
29 33 28 13 35 35 47 13 39 21 29 19 36 40 38 32 17 23 50 38
27 38 43 27 22 26 32 23 18 42 21 18 29 42 37 40 20 37 20 26
21 22 30 38 12 49 45 25 43 37 17 23 36 39 16 39 48 31 48 48
36 46 27 24 37 33 20 18 36 18 47 31 44 39 16 37 25 49 26 43
27 24 49 24 50 39 22 31 33 24 34 25 39 24 12 25 38 32 24 32
48 32 47 22 28 41 18 36 39 36 43 45 27 33 35 40 32 47 34 25
34 30 42 43 40 48 20 41 47 38 41 7 16 12 29 21 24 26 38 24
19 41 10 40 39 42 35 38 20 47 49 39 23 24 8 24 20 13 43 36
44 23 43 42 18 49 31 42 46 48 50 27 38 44 34 21 26 44 8 45
18 46 41 30 10 35 35 10 46 34 22 12 19 48 13 48 38 28 37 21
46 25 24 45 19 9 49 46 42 38 41 22 28 22 28 44 44 27 29 45
46 17 22 44 37 12 15 26 30 41 20 39 44 36 39 46 36 37 40 12
15 6 26 29 19 36 25 30 25 29 30 29 28 30 30 20 47 36 41 25
50 22 37 39 43 23 28 36 44 30 47 15 48 44 27 35 24 33 22 17
40 34 30 27 16 43 31 29 34 23 23 39 46 42 49 13 30 12 25 17
43 31 36 45 19 36 33 30 19 28 23 42 9 44 17 47 34 41 34 36
36 33 20 40 38 47 43 41 21 27 40 36 12 37 30 38 34 21 32 39
17 43 43 41 32 21 18 34 27 43 39 20 22 32 9 44 42 7 22 29
50
30 23 16 28 30 24 29 31 33 29 32 30 29 23 22 32 30 15 22 22 29 32 17 26 26 19 22 25 32 24 30 33 33 32 27 26 20 30 27 29 18 33 20 26 25 26 24 24 26 25
25 25 25 21 21 30 25 21 29 32 23 34 30 33 29 22 34 34 26 34 29 32 24 25 24 30 24 26 31 22 17 27 25 34 28 34 27 24 20 32 27 27 32 24 31 16 23 29 34 29
32 31 20 25 24 30 27 28 28 24 29 27 18 26 25 28 21 32 31 24 24 21 31 26 29 24 26 31 34 34 28 28 22 25 33 22 24 29 32 31 19 27 19 29 31 23 32 33 29 30
31 20 25 34 31 34 23 27 18 29 30 28 30 26 22 28 27 25 29 23 20 21 32 32 33 25 24 20 24 28 30 30 24 31 23 23 25 31 30 26 19 26 26 26 30 32 33 27 34 30
18 30 34 27 28 29 24 31 22 26 22 31 31 24 32 23 23 34 26 30 25 23 21 31 32 34 23 27 30 29 28 24 32 28 23 28 25 31 28 28 23 16 26 22 21 21 28 25 22 23
29 34 29 18 27 17 31 25 24 22 33 25 31 34 25 32 32 32 21 30 30 26 31 21 23 33 34 25 22 22 27 31 27 26 23 32 30 28 32 20 27 25 22 34 24 18 26 34 24 23
25 24 32 30 32 19 32 30 22 25 25 23 21 33 31 22 18 18 25 30 26 34 30 27 20 34 33 29 21 30 30 20 32 33 26 22 16 34 34 22 21 25 28 31 34 25 30 32 16 33
19 32 21 28 19 24 24 23 29 34 15 21 30 25 26 32 25 29 25 32 32 32 34 30 22 21 28 25 23 24 30 28 25 32 19 23 22 26 20 26 29 27 29 15 28 21 34 32 21 27
30 28 29 26 27 28 29 31 27 29 32 26 32 28 30 25 25 23 29 26 32 25 33 22 24 18 23 24 29 20 25 32 27 29 24 22 30 27 29 27 27 19 18 31 21 31 26 27 31 31
26 31 22 21 23 22 24 24 26 34 27 22 30 22 15 34 25 32 19 32 16 31 22 22 23 34 32 33 18 33 34 28 28 26 26 26 31 20 33 33 20 26 26 29 24 26 32 28 28 28
29 31 27 33 18 24 29 29 31 28 28 34 26 33 16 18 24 18 33 20 34 20 32 31 19 32 34 31 22 34 34 25 21 21 24 33 33 21 28 17 24 29 24 23 28 27 33 34 22 27
24 24 21 25 20 20 34 29 29 28 27 32 26 27 25 26 26 18 23 30 30 23 18 31 23 27 24 24 27 19 30 18 32 26 24 34 23 29 30 33 29 34 27 25 29 24 31 33 27 30
28 28 22 28 19 25 27 20 32 28 31 27 34 26 27 23 26 24 29 25 24 30 25 29 22 25 31 21 18 30 29 26 19 30 32 27 32 28 32 34 18 33 33 33 24 29 24 23 19 30
18 27 28 33 22 24 26 25 20 31 26 21 22 31 23 21 26 28 34 29 23 31 31 34 23 24 29 30 33 23 25 33 34 29 24 24 20 33 26 29 28 26 21 33 30 18 34 33 23 28
32 25 22 24 28 34 30 33 31 25 18 20 33 33 25 22 34 28 23 25 32 33 26 30 27 31 32 33 27 16 28 28 34 22 25 30 32 32 28 30 27 19 28 27 28 31 30 20 32 25
32 25 23 29 20 23 30 31 18 34 30 34 29 27 30 28 31 26 33 33 30 34 30 25 30 28 18 31 23 26 27 31 17 21 32 31 28 26 29 31 29 24 27 22 25 23 28 23 31 33
27 34 19 25 26 27 23 25 23 20 30 30 33 25 34 32 28 20 22 34 29 24 34 29 20 23 31 23 29 25 29 17 19 25 27 20 24 29 25 21 32 29 28 21 34 25 23 30 22 34
33 33 21 27 34 26 33 20 31 27 23 34 17 29 27 32 32 25 33 31 28 26 34 34 22 32 28 25 26 23 32 20 27 27 32 18 24 25 28 23 27 29 29 22 31 29 24 33 20 31
24 18 30 31 30 30 24 24 23 24 21 21 27 22 33 24 24 20 25 20 29 27 29 31 26 27 22 26 31 26 30 19 24 19 29 20 24 23 20 32 29 34 28 28 24 32 30 30 24 32
17 27 24 23 27 31 30 34 20 28 18 20 30 33 33 21 22 27 33 26 30 16 27 28 23 25 29 15 19 25 31 32 30 25 29 31 22 25 27 25 34 21 26 29 34 20 25 27 31 21
29 24 24 31 23 18 25 21 30 17 17 23 19 27 30 28 31 28 22 26 28 22 34 17 30 29 24 25 28 24 27 31 28 24 32 33 29 25 29 34 33 28 25 15 32 28 33 23 26 18
20 34 29 25 33 19 27 32 32 32 22 23 33 25 27 20 32 31 28 27 22 21 32 28 31 32 18 18 33 34 33 25 19 31 32 26 29 34 21 24 25 34 32 20 20 32 19 33 22 21
20 26 26 29 21 24 23 28 18 25 34 29 34 24 26 32 34 33 16 24 23 31 25 31 27 28 27 20 28 29 20 30 27 30 30 25 34 32 30 31 29 33 32 34 31 33 23 25 31 23
16 22 33 26 28 16 22 33 21 25 27 25 22 27 34 21 25 25 25 28 32 30 33 29 27 25 22 27 26 28 34 29 27 26 20 24 23 32 24 16 31 20 24 19 34 29 28 18 26 26
25 22 34 22 21 27 29 25 25 27 16 22 29 33 28 23 21 30 20 25 29 30 30 30 27 33 21 34 28 29 28 16 19 26 28 19 32 18 34 34 25 31 22 16 25 27 21 31 27 27
23 30 28 28 28 21 30 17 30 26 34 19 31 29 24 34 26 31 18 26 25 29 21 34 21 31 24 24 29 34 29 28 17 34 20 25 24 30 31 34 21 22 33 26 30 18 21 34 20 23
29 22 23 32 27 22 32 24 25 28 32 25 31 32 33 25 16 22 24 25 23 34 26 33 21 29 25 34 34 27 25 18 25 28 22 27 24 31 19 25 30 34 30 19 19 22 22 25 21 32
32 16 20 21 21 26 26 24 25 28 33 29 19 32 22 26 26 26 30 31 25 29 24 21 27 32 30 23 24 29 17 26 24 20 25 24 33 24 24 20 17 34 23 31 23 17 25 27 30 31
30 20 20 30 17 29 29 24 30 26 32 23 23 32 30 30 30 34 21 34 31 32 27 25 26 32 29 23 29 25 25 21 16 29 16 33 30 23 33 32 33 34 25 30 20 23 31 30 16 17
16 27 26 31 26 21 25 24 32 23 23 18 29 34 34 26 28 23 26 33 22 32 26 30 30 22 32 21 25 20 30 27 27 26 23 25 25 27 29 30 27 34 29 28 22 29 28 21 34 22
27 31 21 23 28 31 31 25 28 30 31 27 21 31 26 28 32 33 34 27 17 21 24 33 34 23 27 25 22 23 23 27 24 24 28 30 26 33 34 29 31 27 29 27 31 23 29 31 24 32
29 24 17 28 31 32 31 23 23 28 29 34 34 31 26 31 21 19 34 34 21 25 21 34 28 31 31 25 33 24 23 21 30 29 34 26 21 28 34 24 24 29 30 32 17 24 33 22 19 28
24 26 30 34 24 23 23 31 29 31 29 25 32 22 25 29 17 27 27 26 22 30 32 32 25 26 31 21 30 33 17 31 34 30 30 30 24 27 30 32 17 33 19 29 31 27 28 29 23 22
29 30 27 34 23 27 25 26 33 23 27 34 26 28 23 26 28 31 33 28 19 33 22 22 21 34 27 24 34 32 32 25 32 29 28 26 32 32 19 29 24 32 24 26 27 18 30 27 23 30
30 27 33 34 17 30 33 21 16 28 28 26 24 28 32 33 32 21 30 22 31 27 24 26 34 33 25 24 33 31 22 25 33 32 29 22 32 29 29 16 24 25 16 22 32 26 29 23 25 32
25 30 30 24 28 17 29 33 29 23 28 31 33 29 25 22 34 20 27 27 31 32 27 30 28 18 23 33 31 34 28 34 27 29 22 31 24 26 23 22 26 27 30 32 23 26 29 25 27 28
24 18 31 29 20 24 32 24 28 25 34 30 24 33 17 27 34 29 18 34 26 27 31 30 29 34 32 23 26 26 27 17 32 24 31 23 27 33 25 23 27 34 17 28 34 25 24 18 19 27
21 27 27 25 30 26 29 30 26 25 20 34 30 26 29 21 29 26 25 27 24 31 26 30 31 28 28 23 25 24 26 31 22 33 30 22 30 20 25 28 33 21 28 20 33 28 20 23 18 22
26 19 30 34 26 33 34 34 32 20 22 20 24 30 22 22 27 31 30 26 24 28 20 18 19 24 19 27 32 21 33 28 26 23 27 21 27 17 21 18 26 30 25 27 29 24 24 21 19 32
31 27 33 24 29 30 31 21 26 33 27 31 18 33 24 25 33 19 34 29 34 26 25 30 23 25 33 22 22 31 29 31 30 28 28 27 19 33 34 18 21 22 24 30 28 20 30 31 26 19
31 26 26 28 24 23 23 34 25 34 20 22 26 26 31 26 23 32 30 24 22 29 33 17 26 29 31 24 31 28 27 24 25 31 27 26 29 19 24 16 18 31 32 26 22 33 31 31 27 34
24 26 32 21 30 29 23 24 23 29 15 20 34 32 27 29 20 20 34 27 27 20 31 33 27 33 34 25 31 28 20 33 29 29 30 32 30 23 21 21 21 32 18 30 34 30 31 33 33 22
24 26 33 33 24 16 29 31 27 21 27 33 22 30 27 32 32 34 28 24 24 21 24 29 33 21 30 34 23 31 23 22 33 30 24 33 26 24 26 24 23 20 29 20 32 32 23 20 30 24
20 24 19 34 15 32 30 21 32 33 30 30 22 32 20 25 24 22 28 29 28 25 29 27 17 26 28 21 31 19 21 27 34 33 32 34 25 31 28 23 18 29 25 26 26 21 28 30 30 19
34 32 27 27 31 23 24 25 26 28 24 28 23 32 31 28 34 34 21 23 22 33 29 31 17 20 21 29 21 31 29 28 22 28 24 34 31 25 26 21 19 30 28 31 22 32 26 30 26 30
33 34 24 23 33 23 34 34 33 24 24 29 28 24 21 28 21 30 32 26 31 18 27 31 26 27 34 23 22 18 33 33 30 32 17 26 31 22 18 31 32 22 31 33 26 21 29 20 24 27
26 22 25 23 26 33 21 25 32 34 34 23 33 31 18 28 29 33 30 22 23 24 30 23 28 29 25 27 34 33 34 34 24 18 25 34 31 28 27 17 30 20 27 34 18 19 27 26 26 32
24 22 29 29 27 27 22 34 29 20 20 26 33 27 20 21 29 33 28 29 34 23 22 26 27 34 31 32 21 19 29 18 28 34 34 33 24 33 23 28 27 26 21 24 33 27 30 27 31 33
26 31 24 27 25 31 25 26 32 28 24 28 32 34 32 30 31 22 24 34 27 24 29 29 33 24 22 24 27 18 30 32 23 32 23 29 30 31 26 22 33 30 26 24 21 26 32 33 27 32
26 22 31 30 18 19 23 27 31 29 31 31 25 24 33 24 26 29 23 22 30 29 18 20 34 27 31 22 24 23 27 30 16 29 18 22 33 27 26 20 33 30 27 33 20 19 31 31 26 31
