[[], [], [7, 15], [], [10, 2], [], [2], [100], [], [], [], [6], [], [], [], [4], [], [], [], [], [], [], [], [], [], [], [], [], [], [], [], [], [], [], [], [], [], [], [], [22], [], [], [], [], [], [], [], [], [], [], [], [], [], [], [], [], [], [], [], [], [], [], [], [], [], [], [], [], [], [], [], [], [], [], [], [], [], [], [], [], [], [], [], [], [], [], [], [], [], [], [], [], [], [], [], [], [], [], [], [], [17, 8, 7]]
#1 17
[[], [92, 89, 50, 11], [90], [54, 51, 35, 86], [12, 70], [31], [46], [2, 31], [92, 38, 22], [], [59, 17, 58], [60, 18], [], [], [69, 15], [4], [89], [36], [58], [96, 83, 39], [57], [], [17, 46, 89, 100, 90], [34, 47, 52], [42, 88], [73, 38, 9], [], [24], [37, 68], [94, 47], [79, 24, 42], [], [9, 53], [33], [16], [1], [95, 52], [], [60, 39], [93, 80], [59], [43], [68, 12, 25], [], [], [40, 10, 17], [10], [6], [27, 45], [84, 100, 84, 1], [], [51], [], [], [69, 84, 100], [], [68, 75, 24], [41, 12], [88, 77], [19, 92], [], [], [92, 37, 89], [65, 58, 56, 87], [], [49], [], [77, 31], [100], [85], [25, 13, 43, 55], [51, 30], [39], [23, 56], [65, 87], [21], [34, 13], [], [7, 74], [59], [], [97], [28, 35, 99], [86], [], [55], [], [91], [], [7, 27], [3, 99], [43, 30, 58], [5, 37], [83, 90], [49, 44], [], [43, 42, 86], [22], [13], [4, 82], []]
#2 96
[[], [88, 14], [51], [26, 81, 100, 63, 17], [33, 61], [], [94, 41], [], [84], [], [], [58], [61, 72, 48, 5, 36], [9], [56, 57, 28, 75, 88], [2, 25], [], [72], [13, 97], [54, 78, 65], [26, 53], [], [59], [87], [73, 21, 97, 86, 30, 43], [], [56, 32, 28], [58, 58], [26], [], [62, 29, 66], [27], [], [46, 64], [71], [50, 75], [51, 34, 57], [], [62, 72], [], [24], [95, 52], [13], [], [25, 59], [60], [61, 50], [83], [], [], [38], [], [85], [], [25, 21, 63], [11, 73], [35], [17], [25, 70], [92, 3, 79, 40], [33], [27, 29], [82], [30], [69], [1, 10, 61], [88, 8], [50], [49], [93, 19], [62], [71, 16], [67], [60, 51], [67, 71], [23], [39], [30, 95, 28], [15, 75, 1, 9], [94], [97], [], [45], [87], [], [35], [54, 51, 42], [6, 64, 14], [30, 6, 98, 61], [83, 64], [], [25], [], [40, 86, 43], [96, 85], [], [25, 26], [23, 68, 23, 56], [17], [], []]
#3 49
[[], [70, 81], [78, 24, 4], [62], [30, 23, 35, 57, 77], [4, 6], [84], [64], [], [61, 63], [64, 29], [72], [78, 26], [96], [42, 75, 93, 76], [95], [84, 66, 32], [53], [33, 14], [11, 33, 71, 27, 59], [14, 86], [], [71, 64, 59], [], [28, 60], [79, 2, 49], [12], [35, 7, 13], [85], [44], [41], [21, 42], [], [73], [55], [], [60, 27], [84, 42, 39], [35, 87], [], [], [14, 89], [76], [63, 97], [38, 10], [59, 56], [13, 9], [79, 91], [89], [68, 73, 25], [57, 82, 44, 97], [99, 6, 56], [41], [44, 88], [15, 30], [12, 89], [56, 2], [94, 53], [67], [], [26], [], [28, 65], [49, 35], [], [82, 43, 43], [41, 37], [], [42], [], [32, 63], [29, 64], [65], [], [30], [], [73, 9, 87, 40, 14, 94], [6], [], [], [2], [], [1], [56], [], [49, 16], [91, 39], [], [48], [43], [41, 45], [46, 51], [5], [6, 98, 60], [35, 54], [], [], [74], [90], [71, 48], []]
#4 39
[[], [], [], [24, 74, 8], [], [93], [65, 86], [69], [8], [20, 62, 49, 69], [94, 16], [99], [], [89], [9], [10, 47, 65], [70, 80, 76, 29, 10], [50, 27, 31, 51], [16], [3, 67, 98], [66], [41], [6, 63, 65, 76], [39, 5], [64, 32], [42], [11], [17], [], [85, 52], [], [40, 24], [70, 15], [], [68], [71], [6], [31, 98], [11, 70, 26, 37, 79, 5, 24], [24, 64], [59], [87], [91, 90], [], [12], [], [82, 63], [93], [59], [], [26, 70, 41], [99, 34], [42], [49, 74, 95], [96], [46], [16], [90], [63], [1, 23, 30], [94, 99], [48], [35, 55, 25], [34, 68, 56], [], [71, 67], [], [88], [29], [26], [80], [], [4, 65, 86], [], [89], [21, 72, 20], [93, 16], [30, 27], [33], [60, 1, 100], [65], [16], [65, 13, 86], [54, 55, 41], [], [75, 57], [14, 11], [81, 97], [], [70], [49], [94], [13, 50], [1], [37, 75], [], [53], [53, 73], [], [90, 31, 47], []]
#5 49
[[], [], [51, 43], [56], [28], [87], [96], [], [79], [16, 24, 46, 86, 53], [1], [23, 53, 100, 50], [], [49], [94, 61], [99], [42], [], [], [77, 4, 90], [59, 62], [12, 98], [], [48, 12], [83, 52], [87, 73], [], [72, 88, 77], [], [13, 28, 12, 93], [], [49], [77, 45], [], [61, 41], [73, 42], [9], [], [24, 93], [38, 82], [], [88, 98, 6], [], [11, 11], [55, 35, 14, 50], [95], [7], [], [22, 33], [], [], [50], [59], [70, 12], [], [91], [], [75, 91], [51], [32, 62], [35, 50], [75, 35], [], [68], [57, 84], [82, 98], [68, 76], [1, 36], [93, 66, 9], [27, 92], [82, 28], [3, 29, 8], [78], [69, 22, 40, 31, 29], [94], [80, 65, 34], [], [], [90, 70, 69, 78, 4], [80, 60], [96], [79, 9], [13], [92, 57, 59, 29], [23, 49, 87, 39], [], [30], [87], [33], [], [62, 36, 1], [26, 24, 83], [1, 93], [55, 94], [], [51], [74, 65], [84, 75], [13, 20], [], [26]]
#6 1
[[], [], [83], [], [], [100], [80], [71, 79], [30, 33], [47], [85], [42], [48, 5], [], [62, 1], [83, 61], [86], [33, 74], [16], [36, 91, 81], [], [95, 11], [96, 39, 56], [49, 83, 36], [], [], [22], [79, 85], [], [98], [15, 17, 89], [], [88, 68], [], [66], [], [], [81, 52], [], [89], [], [18, 53], [83], [38], [89, 66], [47], [71], [94], [25, 81, 91, 82, 66], [4, 7], [24, 58], [50, 2, 54], [87, 48], [42, 22, 72], [100, 78, 33, 5], [14], [29, 64, 90], [], [], [6, 94], [99], [16, 28], [32, 100, 46], [97, 56], [], [82], [66, 32], [87], [], [56, 7, 94, 23], [13, 79], [], [6, 67, 14], [44, 30, 33], [75], [92, 54, 32], [90], [60, 75, 82], [51, 18, 7], [79, 77, 79, 41], [59], [98], [96, 88, 13], [56], [95], [66, 96], [38], [100, 8], [85, 27, 45, 62], [], [23, 21], [], [74, 16], [], [9, 85, 18], [], [], [17, 68, 82, 98], [7], [33], [11, 86]]
#7 28
[[], [8], [6, 24, 28, 64], [33], [41, 6], [24], [41, 92, 48, 17], [], [68], [81, 55], [31], [96], [14], [37, 49, 52], [], [], [97, 56], [80], [15], [69, 45], [78, 91], [36, 15, 73], [23, 71, 66, 46], [8], [41, 95], [82, 9], [10, 79, 19], [77], [], [65], [], [34, 47], [34], [], [30, 89], [62], [73, 60, 80, 98], [96, 81], [75, 29, 92], [45, 64], [55], [77, 47], [89, 23, 33], [], [43], [91], [39], [], [], [], [], [91, 90], [30], [54, 65], [84], [], [26, 67, 63, 79], [44, 7, 96], [], [94], [54, 57], [2], [82], [36, 66], [30, 82], [], [75], [], [37], [52, 41], [96, 71, 35], [], [9, 46, 58, 64], [7, 64, 92], [], [74], [63, 8], [42, 80], [], [], [64, 100, 91, 7, 83, 84], [69, 77, 37], [69], [20], [90], [76, 80, 75], [63], [], [43, 97, 46], [11], [88], [5, 75, 40], [], [], [81, 91, 39, 56, 33, 54], [88], [], [], [3, 81, 19, 93], [46], []]
#8 45
[[], [], [41], [8, 42, 18, 69, 70, 63], [31, 62], [80], [75], [], [98], [], [98], [78], [91], [], [1], [], [22, 49], [91, 77], [93], [6], [76, 82], [71], [], [39, 72, 96, 89, 74], [], [], [68], [11, 4], [], [82, 32], [], [73, 75, 62], [63], [], [94], [], [9, 58], [], [94], [42, 1], [], [12, 34, 4, 29], [48, 87], [58], [35, 50], [45], [68, 87], [], [12], [52], [31, 19, 66], [20, 34, 23], [24, 66], [59, 75, 74, 80], [44], [79, 30], [], [6, 32], [], [68, 48, 22], [44, 23], [90, 39], [43, 86, 60], [36, 4], [23, 48, 35], [11, 8], [64], [84], [], [99], [1, 46, 99], [37, 32], [37], [92], [5], [], [43, 82], [], [83], [21], [3], [14, 78], [91, 15], [], [40, 34, 91, 63, 51], [], [58], [], [47, 72, 100], [12, 16, 79, 18], [43, 33, 53], [4, 63, 18], [24, 38, 4], [52], [27, 83], [100], [40, 67, 45, 29], [], [], [4, 80, 68, 61, 36], [79, 24]]
#9 59
[[], [62, 53, 25], [], [], [], [67, 100, 91], [63], [59], [], [4, 28], [90, 79], [], [], [66], [], [91], [37], [94], [72, 93], [65], [19], [], [59, 86, 25], [], [44, 85, 16, 86], [66, 82, 25], [66, 19], [2, 64], [99, 44, 74, 99], [3], [46, 49, 85], [12], [55, 16], [], [], [60, 52, 2, 2, 92, 91], [], [100], [4, 11, 99, 8], [22, 1], [48, 59, 57], [71], [87, 16], [99], [69], [60], [83, 73], [39, 90, 4], [41], [70, 96], [32], [87], [10], [], [9], [70], [66, 82, 21], [72], [42, 60], [34], [], [53, 46], [35], [3], [], [], [], [13, 3], [94, 8], [], [76, 37], [39, 63], [], [33, 74, 30], [93, 13], [96, 91, 34], [27, 37, 63], [56, 96], [63, 26, 76, 20, 85], [84, 22, 83, 40], [48], [36, 39], [], [], [], [17], [68, 91, 29, 39], [19], [84], [], [49, 59, 4], [12, 85], [65], [68], [49, 34, 85, 42, 6, 69], [69, 100], [], [62], [43, 77], [50], []]
#10 64
